+12134140661 
+16319019028
+ 16398272756
+14069742130
+13213050377
+15618917635
+15403057323
+16193437758
+13239846687
+19108016473

+13863077494
+13189906049
+12513690560
+14252184450

+15303959903
+19124290771
+12145414001
+18065591836
+15152108728

+14064900497
+13152781556
+15038944090
+17868779571
+17792679771

+17144762785
+13432634053
+17809525332
+17145140494
+16058400009

+18014589047
+13132138314
+16468660519
+14705584364
+15868999582


+13785069334
+18038601598
+15172259032
+18645359082
+12297266540


+17073501107
+14143743120
+13524360858
+14194386949
+1219 840 2684
+1870 565 6784

+19316383437
+12707023391
+18134208398
+1405 537 3886
+13473736153

+18656962204
+19204182282
+17792679771
+14052212723
+18125282502

+16027997869
+12526175540
+12604032296
+12192014515
+16027526552

+19316383437
+12148134938
+18149777176
+18436147174
+13363450795
+12564789060
+14844103184
+14193045537
+16785084784
+1304-919-9414
+1905-414-4381
+1868-365-6506
+1405 537 3886
+1903-449-5601 
+1805-298-5546
+1901-425-8023
+1931-383-0966
+1405-853-5684
+1323-742-8714
+19189649130
+1503-901-7593
+1252-305-5141
+1910-916-8995
@vasilev0904
+12529396133
@NikiAngelo8128
@jcruz079
@ddsilve1948
@Fisherman0423
@MikeG5051
+1 347 698 3281
+1 973 979 8283
+1 419 561 3938
+1 619 884 6554
+1 315 521 3219
+1 626 222 8809
+1 201 618 7414
+1 407 486 1398
+14059210202
+18083210267
+18085185970
+12172483907
+13863077494
+19257876384
+15512646664
+19372704412
+12564789060
+19293210420
+15016724056
+16145631772 
+12698152185
+15416067947
+18125492004
+18046614094
+13302810996
+19034495601
+18702271240
+19282776677
+13152781556
+19204015213
+19545575332
+12708417437
+12708417437
+13302810996
1614-563-1772
+15152108728
+14232273272
+12105735508
+17204852701
+12316700713
+14059018932
+14255487136
+18322476361
+17248166877
+17064021259
+14426466464
+16187316456
+12074757881
+15853057446
+13088504056
+18652352323
+17064021259
+16418200140
+14147315700
+18322476361
+17852491216
+17077807172
+14255487136
+18505591900
+18504590889
+14426466464
+12564836239
+15305704072
+15059997359
+19283007706
+13199395504
+16187316456
+14345478185
+12192697434
+16464254487
+115722428950
+14055373886
+13046427778
+15412802766
+15013669959
+16467126988
+14055373886
+18134208398
+15134034130 
+19405073825
+1860 2878782
+19497057575
+13213811579
+17622317914
+17402517603
+15207638464
+19569708010
+16783160603
+12198402684
+17076839640
+17039326330
+13162364930
+17752913182
+12148549071
+12566120015 
+12072675806
+13148579167
+16037381769
+13202415977
+15635649512
+19569962462
+18285014323
+18283340209
+12527674805
+254712568632
+17653817861
+19096417666
+8801995803069
+14173661676
+17543175434
+19044157293
+12527674805
+17735715449
+12527674805
+17735715449
+17734587403
+14052017196
+15619072410
+13864669022
+14149998315
+119207500208851
+13108005323
+14173661676
+19109757298
+14803381455
+13139260326
+19204605424
+13049606224 
+16097435436
+16132295837
+16162645008
+14185632355
+13253041505
+12692712136
+12166099022
+12146854839
+13078808022
+15722428950
+19125401416
+16319019028
+17204226501
+19045356391
+13186582416
+16183835402
+12053621740
+14194386949
+14588997600
+16124492336
+13863077494
+18155198704
+16063087436
+14439021491
+12156806906
+15707135179
+17543313773
+18052985546
+118767726504
+19122886514
17136280951
14632219878
15035756339
15189342447
13312776279
18064405239
12089705895
18018002121
17133769076
15055776704
16175436536
12037708929
17135827218
16104709782
18639696346
19194517270
18108370220
12064969959
14153018396
14846438473
17312170140
15419618635
14026328014
14062073609
14846822324
13022333282
19366357355
14028051433
18565064263
18144215281
12546691867
13216934808
18123612400
18703539465
18648716806
16679675671
13475315992
17143949027
19012394349
16034614083
15165224022
12606228382
15127793868
18576368191
19034442485
16318169543
17756990255
18564848637
19188521595
13012578193
17043450404
13255753609
13014558268
13392358123
16087306128
12545988246
19174127975
12144517185
19152556121
18622768055
17752240390
18167628086
18036095032
16024595795
19862689275
16825839225
12244365659
19564076839
15053574538
13472590489
19292089310
16146156317
15619712739
17143974646
16104510824
16059332474
18329699052
14803993353
16605257901
18046527557
15737460387
18177761549
16032128048
17165331123
19195254414
14784557317
14438040310
14058866384
19063991980
14405037539
12722910009
14709678130
19016341699
18634883996
14142133191
17325248928
17739616066
14012491069
18015925188
12393210310
19038645708
13477407795
14233312089
15207207645
17577682728
18137593243
19193909999
15038305616
15402820498
13122001791
16084954424
12039419552
12345214800
16054614728
12083398179
12146777057
19036178406
15627169981
14242211919
19418792205
16462417849
14696786651
17205762455
17707719072
16787900009
17863279809
15153135371
13159019856  
13476181332  
13473644505
15015394007
14235843098
19073880814
13619336423
19717075211
15122945524  
18062522501
12709579460
17579106074
16189644573
12068556053
16234182361
14234881061
16148865723
17654997364
12523083474
13617657990
14253896236
18027871025
15129619502 
15617083727
13198306658
19015496443
15095721007
13155887300
16162905155 
17324701172 
14692224493
12407160442 
16072582893
19293395141 
17086081537
14805488242
17862223991 
12396726484
18507402787
14153702893
18125825924
17744945574
18176091199
13306854400 
13012375658 
15704360906
13127520672
18142064767
19172153032
17708852199
13479510064 
14243531972
18604909527
19292455409
17077045241
18129163163
19299330228
18032267728
16465208183
13054581598
19177533325
12142238150
16124385997
18043135432
13475861123
12819322220
14436553305
19548543002
19103085619
15404496980
13472428588
19842598123 
14043371235
19375203264
14077285695
13174464200
13478229033
13478066736
18502642767
12404004300
16623135057
15594176871
17026737516
12816625887
19176784346
18329385611
16232135592
19295714040
19702393844
19703944940
19284188895
13013465659
17743034027
15598994901
17329948617
12063530741
14703997204
15095948442
12243922656
14017531665
12055009730
19047600888
18062529055
13369052515
18325992620
17146849957
18628460464
19844440258
16362642742
19362350369
15613581817
12098346472
16309352626
16825974840
15043340291
17049916744
13347825594
16463211288
13177392236
19543830884
16469832595
17632414943
15313333253
16143158137
17172102709
16812148834
16823090857
17745039300
17327341496
14143052582
16149299864
19032436866
19728348443
13476143850
18632239921
16122903919
14708138040
13182196601
12283288924
14014284999
19105877326
14232581276
16469232727
15125638387
13135884454
14255007101
13127221008
17035419477
17813086763
12527411119
18164501412
12814609506
13309493174
13373054772
17657756837
14232709333
14698265238
15163239049
16086071814
12708716723
14696057287
19286005679
16015228724
19714943501
15512473935
18439017129
17272389738
13609302679
17408163138
12172427444
13039032042
14793206030
17869305028
13044444032
15416560422
15732007969
18596198835
19728018955
12402855923
17135574009
17814274527
15612154230
14233946266
17029943333
12246515043
18148074124
17735046434
14055927706
12107401360
17194691838
14085954739
18646318748
17203382129
19738971082
12176217015
12535612217
16892673505
14403793780
16464200590
19096143941
19412648669
13184236546
13237169183
19893871627
15153403724
13176589499
13605628870
12286669124
16784966702
16514483580
18595168440
13412055422
19048591422
18458068392
13109557169
16414267566
16823710028
14342291888
12179204580
12528646003
16054411509
13614197013
16284339084
15105419050
12147040764
12545770689
17073544067
16592395060
12099736069
16189256165
13015298118
19046431679
19363230148
13609551869
18052664953
12724163750
15627165970
15822603186
13474473635
16692442368
15515747014
17156074782
19013781490
17148558947
19209036299
14178445407
18439573588
15619479059
16603625021
17068259511
18643097989
19292171012
12027035625
19122457126
19517200556
13015384802
18012092468
17164456851
14075769656
19714726468
17042074160
15092165130
13054575383
19513343098
16317401803
18177602258
16625431110
17544229369
14079877684
12403559965
16814847645
17068884823
12706049714
16035312740
19147528253
12057460643
19103153472
18622372339
19148441228
12295607031
17373931841
18657765909
14705466145
16109997340
13852454109
15715020472
15098689798
17542079450
18328165052
17373937039
17027208811
19088098220
12245588182
19288647428
14048893508
15407590897
17085138136
13027302198
16023125601
17863839820
13474543439
13852889580
12106289626
12253336379
19545822821
15039991221
19736925134
18455008071
13307038808
18033518339
14049069045
16823581152
12567629935
14758893419
17736485645
18049884041
15735305972
18628499278
17575086313
15622462736
13615622365
13343181935
15759739523
18018369626
15417771229
14258769201
15704606165
13174693496
15054144170
14327889851
17346784076
12153704738
19803285988
16628039402
19568216941
15708564352
17744984114
12183403254
18573612061
19565879572
18608167009
16012998826
15154446930
13138291296
17862806766
16512420140
12039018716
14254801693
16263653450
19085458137
17852135923
16317397146
17793566458
13612904355
13196019344
16127105978
13607756394
17736737093
14847559308
15626686766
14802068297
15864539403
15865241229
18132849369
17144176042
12035566505
18324921352
12103181925
18179469440
13479354095
17852186691
14322603863
17193600645
13466407767
19015080631
14409021037
14437435879
13613625784
14244828444
16263543119
15593879538
+116628299973
+19206508987
+18053009943
+19287271269
+447565695593
+19108016473
+19784764335
+18582529610
+14805099489
+19188962560
+17276471224
+16097435436
+12507134188
+12705762358
+17164017967
+18318010188
+12507134188
+12316700713
+15617645240
+13345474049
+14708962473
+12148134938
+16892381754
+15185023324
+17026406165
+3580400852138
+19316383437
+19204015213
+15737187341
+14705584364
+15202660190
+18057126698
+18455454261
+17204852701
+12342815376
+14485006221
+14417773245
+17083082730
+18722221769
+15029300503
+15157241123
+13043605900
+15013916559
+16318290849
+15202609127 
+15055924448
+13017073517
+18506028272
+15203907322
+19452514106 
+17196750791
+15632160901
+19013783353 
+15807613874
+19452514106
+15134914793
+15206335696
+19035173427
+13046851733
+19108470192
+14075352947
+15082072737
+14058535684
+18703177803
+14077792176
+14255957965
+12533042076
+15159049755
+17088357637 
+18652421500
+14255913128
+16602072337
+15134391983
+14322712793
+16032894297
+13192010705
+14078087064
+13213394989
+18136061239
+17276984577
+19108839061
+18635295046
+14482017411
+17327703425
+13237050110
+18138208157
+14302624726
+16098271282 
+15037567120
+16106218052
+113082495889
+12098084603
+14438268332
+18062204467
+16164328050
+13109902381
+15177033016
+12533393117
+13619103569
+17079971497
+19312125755
+12142884913
+14722576267
+19729214746
+19282083677
+19702700629
+18164692679
+18122438162
+13232203214
+14096705808
+13137399544
+15599420341
+13154664542
+13189906049
+13608435711
+119095496871
+18089137408
+16063500221
+14022080916
+18705656784
+13234706005
+19516130125
+12135959238
+19095712062
+19054144381
+12132146214
+16125179068
+14427778441
+13136969717
+119173552740
+15854836818
+15163155190
+19562444601
+17045646642
+18169257367
+12545224387
+12147747900
+15197882271
+17163804487
+12462677647
+18183711106
+19073545762
+13102933645
+14173661676
+19497057575
+17659690263
+12146162255
+19899411140
+18323054823
+12147906839
+18402557919
+19134088086
+19899411140
+13473440736
+17132532930
+14242370945
+12255151220
+17755283226
+112424717278
+18622158670
+18027333407
+112018958350
+15056456684
+16122267570
+17543302832 
+13467165396
+16472122179
+19045022075
+117657696299
+15082879949
+15592730458
+19728494151
+15592730458
+17149326927
+17143195964
+15599090208
+16603469263
+15734050065
+19093611622
+16616181415
+15096552531
+13184553641
+13619340229
+15596149306
+13864905542
+16023834794
+16619169208
+16073101504
+16466896039
+19144478882
+19095496871
+15139634075
+19784764335
+19494004395
+17792679771
+12533458001
+17622317914
+16097435436
+12148134938
+13046851733
+18506028272
+18705656784
+15737187341
+13154664542
+19044157293
+16023834794
+18138208157
+13524360858
+14482017411
+15204065881
+14803381455
+17657696299
+16018105669
+14438268332
+14059018932
+19108016473
+13049199414
+18169257367
+13619340229
+12147747900
+113467165396
+15752180359
+14015000950
+12702302509
+13467165396
+12566914314
+12513690560
+12393101562
+15197882271
+15512646664
+18705656784
+15055924448
+12702302509
+13467165396
+16603469263
+15599090208
+18052851706
+14194386949
+17149326927
+17143195964
+15599090208
+16603469263
+19093611622
+15096552531
+13184553641
+13619340229
+15596149306
+13864905542
+16023834794
+16619169208
+16073101504
+16466896039
+19144478882
+19095496871
+15139634075
+19494004395
+12533458001
+15737187341
+15204065881
+17657696299
+16018105669
+15752180359
+14015000950
+12702302509
+13467165396
+12566914314
+12393101562
+18052851706
